(array([[3.10542915e-03, 5.12000000e+02, 6.62781797e-01, 3.20199046e-04,
        3.20000000e+01],
       [3.56221322e-03, 2.56000000e+02, 6.72899788e-01, 1.59613728e-04,
        6.40000000e+01],
       [9.73738283e-03, 2.56000000e+02, 4.99217775e-01, 7.45616019e-04,
        6.40000000e+01],
       [1.76709381e-04, 2.56000000e+02, 3.00482844e-01, 1.72465416e-04,
        1.60000000e+01],
       [1.75656977e-03, 5.12000000e+02, 6.02282789e-01, 5.56495852e-04,
        1.60000000e+01],
       [2.02710843e-03, 2.56000000e+02, 3.11092158e-01, 5.06485872e-04,
        1.60000000e+01]]), array([[0.45942515],
       [0.51609814],
       [0.41182557],
       [0.39360607],
       [0.49680075],
       [0.45384818]]))
Best parameters so far: [1.76709381e-04 2.56000000e+02 3.00482844e-01 1.72465416e-04
 1.60000000e+01]
Mean objective: 0.4552673101425171
Standard Deviation: 0.04307747331708903
